1 0.47500000 0.76953125 0.10000000 0.11093750
1 0.36328125 0.13046875 0.10468750 0.10781250
1 0.36328125 0.76953125 0.10156250 0.11093750
1 0.58593750 0.76875000 0.10000000 0.10937500
0 0.47421875 0.55625000 0.09843750 0.10312500
1 0.47500000 0.34062500 0.10000000 0.10625000
0 0.36328125 0.55703125 0.10156250 0.10156250
1 0.47500000 0.13046875 0.10000000 0.10781250
1 0.69531250 0.12968750 0.10312500 0.10937500
1 0.69531250 0.55703125 0.10000000 0.10468750
0 0.58593750 0.55625000 0.10000000 0.10625000
1 0.36250000 0.34375000 0.10625000 0.10625000
1 0.69531250 0.33984375 0.10312500 0.10468750
1 0.58515625 0.34062500 0.10156250 0.10625000
0 0.69765625 0.76562500 0.10156250 0.11250000
1 0.58515625 0.13046875 0.10156250 0.10781250
