1 0.52500000 0.23046875 0.10000000 0.11093750
1 0.63671875 0.86953125 0.10468750 0.10781250
1 0.63671875 0.23046875 0.10156250 0.11093750
1 0.41406250 0.23125000 0.10000000 0.10937500
0 0.52578125 0.44375000 0.09843750 0.10312500
1 0.52500000 0.65937500 0.10000000 0.10625000
0 0.63671875 0.44296875 0.10156250 0.10156250
1 0.52500000 0.86953125 0.10000000 0.10781250
1 0.30468750 0.87031250 0.10312500 0.10937500
1 0.30468750 0.44296875 0.10000000 0.10468750
0 0.41406250 0.44375000 0.10000000 0.10625000
1 0.63750000 0.65625000 0.10625000 0.10625000
1 0.30468750 0.66015625 0.10312500 0.10468750
1 0.41484375 0.65937500 0.10156250 0.10625000
0 0.30234375 0.23437500 0.10156250 0.11250000
1 0.41484375 0.86953125 0.10156250 0.10781250
