1 0.76953125 0.52500000 0.11093750 0.10000000
1 0.13046875 0.63671875 0.10781250 0.10468750
1 0.76953125 0.63671875 0.11093750 0.10156250
1 0.76875000 0.41406250 0.10937500 0.10000000
0 0.55625000 0.52578125 0.10312500 0.09843750
1 0.34062500 0.52500000 0.10625000 0.10000000
0 0.55703125 0.63671875 0.10156250 0.10156250
1 0.13046875 0.52500000 0.10781250 0.10000000
1 0.12968750 0.30468750 0.10937500 0.10312500
1 0.55703125 0.30468750 0.10468750 0.10000000
0 0.55625000 0.41406250 0.10625000 0.10000000
1 0.34375000 0.63750000 0.10625000 0.10625000
1 0.33984375 0.30468750 0.10468750 0.10312500
1 0.34062500 0.41484375 0.10625000 0.10156250
0 0.76562500 0.30234375 0.11250000 0.10156250
1 0.13046875 0.41484375 0.10781250 0.10156250
