1 0.23046875 0.475 0.1109375 0.1
1 0.86953125 0.36328125 0.1078125 0.1046875
1 0.23046875 0.36328125 0.1109375 0.1015625
1 0.23125 0.5859375 0.109375 0.1
0 0.44375 0.47421875 0.103125 0.0984375
1 0.659375 0.475 0.10625 0.1
0 0.44296875 0.36328125 0.1015625 0.1015625
1 0.86953125 0.475 0.1078125 0.1
1 0.8703125 0.6953125 0.109375 0.103125
1 0.44296875 0.6953125 0.1046875 0.1
0 0.44375 0.5859375 0.10625 0.1
1 0.65625 0.3625 0.10625 0.10625
1 0.66015625 0.6953125 0.1046875 0.103125
1 0.659375 0.58515625 0.10625 0.1015625
0 0.234375 0.69765625 0.1125 0.1015625
1 0.86953125 0.58515625 0.1078125 0.1015625